local library = loadstring(game:HttpGet("https://raw.githubusercontent.com/naypramx/Ui__Project/Script/XeNonUi", true))()
library:CreateWatermark("AGT HUB") -- Config แตกนะเดียวค่อยแก้รอเน็ตมาก่อน By MeowX#0001
local CenterHubNo1 = library:CreateWindow("LEGACY HUB | I GHOUL X",Enum.KeyCode.RightControl)
local Tab = CenterHubNo1:CreateTab("General")
local Sector1 = Tab:CreateSector("Main","left")
Sector1:AddButton("Auto Farm ",function()
local TweenService = game:GetService("TweenService")
local Tw = TweenService:Create(game.Players.LocalPlayer.Character.HumanoidRootPart, TweenInfo.new(2, Enum.EasingStyle.Linear, Enum.EasingDirection.Out,0,false,0), 
{CFrame = CFrame.new(555.419189, 82.3364639, 822.163818, 0.0188072901, 1.64914332e-10, -0.999823153, -1.07909152e-07, 1, -1.86489424e-09, 0.999823153, 1.07925139e-07, 0.0188072901)}):Play()
wait(10)
local TweenService = game:GetService("TweenService")
local Tw = TweenService:Create(game.Players.LocalPlayer.Character.HumanoidRootPart, TweenInfo.new(2, Enum.EasingStyle.Linear, Enum.EasingDirection.Out,0,false,0), 
{CFrame = CFrame.new(501.548218, 82.3364639, 821.705322, 0.00113170152, 5.78367008e-08, 0.999999344, -2.81788282e-08, 1, -5.78048471e-08, -0.999999344, -2.81133907e-08, 0.00113170152)}):Play()
wait(5)
local TweenService = game:GetService("TweenService")
local Tw = TweenService:Create(game.Players.LocalPlayer.Character.HumanoidRootPart, TweenInfo.new(2, Enum.EasingStyle.Linear, Enum.EasingDirection.Out,0,false,0), 
{CFrame = CFrame.new(478.881165, 87.3365936, 790.651733, 0.999750257, 1.64334537e-08, 0.0223465078, -1.4390789e-08, 1, -9.15695395e-08, -0.0223465078, 9.12250897e-08, 0.999750257)}):Play()
wait(5)
local TweenService = game:GetService("TweenService")
local Tw = TweenService:Create(game.Players.LocalPlayer.Character.HumanoidRootPart, TweenInfo.new(2, Enum.EasingStyle.Linear, Enum.EasingDirection.Out,0,false,0), 
{CFrame = CFrame.new(587.736145, 108.597672, 866.943359, -0.999291778, -2.69973333e-09, -0.0376297235, -2.38150233e-09, 1, -8.50172643e-09, 0.0376297235, -8.40608916e-09, -0.999291778)}):Play()
wait(5)
local TweenService = game:GetService("TweenService")
local Tw = TweenService:Create(game.Players.LocalPlayer.Character.HumanoidRootPart, TweenInfo.new(2, Enum.EasingStyle.Linear, Enum.EasingDirection.Out,0,false,0), 
{CFrame = CFrame.new(504.891937, 82.3364639, 761.427307, 0.0714314803, -8.40065226e-08, 0.997445524, 6.47121894e-08, 1, 7.95873447e-08, -0.997445524, 5.88618398e-08, 0.0714314803)}):Play()
wait(10)
local TweenService = game:GetService("TweenService")
local Tw = TweenService:Create(game.Players.LocalPlayer.Character.HumanoidRootPart, TweenInfo.new(2, Enum.EasingStyle.Linear, Enum.EasingDirection.Out,0,false,0), 
{CFrame = CFrame.new(527.465454, 82.3364639, 735.675964, 0.99327755, 5.02747817e-08, 0.115756951, -4.9932499e-08, 1, -5.85667159e-09, -0.115756951, 3.72665163e-11, 0.99327755)}):Play()
wait(10)
local TweenService = game:GetService("TweenService")
local Tw = TweenService:Create(game.Players.LocalPlayer.Character.HumanoidRootPart, TweenInfo.new(2, Enum.EasingStyle.Linear, Enum.EasingDirection.Out,0,false,0), 
{CFrame = CFrame.new(456.518921, 82.3364639, 764.843811, 0.123570688, -9.08415601e-08, 0.992335796, -5.70626746e-09, 1, 9.22537424e-08, -0.992335796, -1.70623906e-08, 0.123570688)}):Play()
wait(10)
local TweenService = game:GetService("TweenService")
local Tw = TweenService:Create(game.Players.LocalPlayer.Character.HumanoidRootPart, TweenInfo.new(2, Enum.EasingStyle.Linear, Enum.EasingDirection.Out,0,false,0), 
{CFrame = CFrame.new(587.736145, 108.597672, 866.943359, -0.999291778, -2.69973333e-09, -0.0376297235, -2.38150233e-09, 1, -8.50172643e-09, 0.0376297235, -8.40608916e-09, -0.999291778)}):Play()
wait(5)
local TweenService = game:GetService("TweenService")
local Tw = TweenService:Create(game.Players.LocalPlayer.Character.HumanoidRootPart, TweenInfo.new(2, Enum.EasingStyle.Linear, Enum.EasingDirection.Out,0,false,0), 
{CFrame = CFrame.new(478.193604, 87.336586, 807.328491, -0.934133053, -5.84451776e-09, 0.356924981, -1.37044367e-08, 1, -1.94921892e-08, -0.356924981, -2.3099755e-08, -0.934133053)}):Play()
wait(5)
local TweenService = game:GetService("TweenService")
local Tw = TweenService:Create(game.Players.LocalPlayer.Character.HumanoidRootPart, TweenInfo.new(2, Enum.EasingStyle.Linear, Enum.EasingDirection.Out,0,false,0), 
{CFrame = CFrame.new(498.976868, 82.3364639, 802.67865, -0.995695353, 1.28925102e-08, 0.0926862508, 8.03583422e-09, 1, -5.27723074e-08, -0.0926862508, -5.18003311e-08, -0.995695353)}):Play()
wait(10)
local TweenService = game:GetService("TweenService")
local Tw = TweenService:Create(game.Players.LocalPlayer.Character.HumanoidRootPart, TweenInfo.new(2, Enum.EasingStyle.Linear, Enum.EasingDirection.Out,0,false,0), 
{CFrame = CFrame.new(587.736145, 108.597672, 866.943359, -0.999291778, -2.69973333e-09, -0.0376297235, -2.38150233e-09, 1, -8.50172643e-09, 0.0376297235, -8.40608916e-09, -0.999291778)}):Play()
wait(5)
local TweenService = game:GetService("TweenService")
local Tw = TweenService:Create(game.Players.LocalPlayer.Character.HumanoidRootPart, TweenInfo.new(2, Enum.EasingStyle.Linear, Enum.EasingDirection.Out,0,false,0), 
{CFrame = CFrame.new(555.419189, 82.3364639, 822.163818, 0.0188072901, 1.64914332e-10, -0.999823153, -1.07909152e-07, 1, -1.86489424e-09, 0.999823153, 1.07925139e-07, 0.0188072901)}):Play()
wait(10)
local TweenService = game:GetService("TweenService")
local Tw = TweenService:Create(game.Players.LocalPlayer.Character.HumanoidRootPart, TweenInfo.new(2, Enum.EasingStyle.Linear, Enum.EasingDirection.Out,0,false,0), 
{CFrame = CFrame.new(501.548218, 82.3364639, 821.705322, 0.00113170152, 5.78367008e-08, 0.999999344, -2.81788282e-08, 1, -5.78048471e-08, -0.999999344, -2.81133907e-08, 0.00113170152)}):Play()
wait(10)
local TweenService = game:GetService("TweenService")
local Tw = TweenService:Create(game.Players.LocalPlayer.Character.HumanoidRootPart, TweenInfo.new(2, Enum.EasingStyle.Linear, Enum.EasingDirection.Out,0,false,0), 
{CFrame = CFrame.new(478.881165, 87.3365936, 790.651733, 0.999750257, 1.64334537e-08, 0.0223465078, -1.4390789e-08, 1, -9.15695395e-08, -0.0223465078, 9.12250897e-08, 0.999750257)}):Play()
wait(10)
local TweenService = game:GetService("TweenService")
local Tw = TweenService:Create(game.Players.LocalPlayer.Character.HumanoidRootPart, TweenInfo.new(2, Enum.EasingStyle.Linear, Enum.EasingDirection.Out,0,false,0), 
{CFrame = CFrame.new(587.736145, 108.597672, 866.943359, -0.999291778, -2.69973333e-09, -0.0376297235, -2.38150233e-09, 1, -8.50172643e-09, 0.0376297235, -8.40608916e-09, -0.999291778)}):Play()
wait(5)
local TweenService = game:GetService("TweenService")
local Tw = TweenService:Create(game.Players.LocalPlayer.Character.HumanoidRootPart, TweenInfo.new(2, Enum.EasingStyle.Linear, Enum.EasingDirection.Out,0,false,0), 
{CFrame = CFrame.new(504.891937, 82.3364639, 761.427307, 0.0714314803, -8.40065226e-08, 0.997445524, 6.47121894e-08, 1, 7.95873447e-08, -0.997445524, 5.88618398e-08, 0.0714314803)}):Play()
wait(10)
local TweenService = game:GetService("TweenService")
local Tw = TweenService:Create(game.Players.LocalPlayer.Character.HumanoidRootPart, TweenInfo.new(2, Enum.EasingStyle.Linear, Enum.EasingDirection.Out,0,false,0), 
{CFrame = CFrame.new(527.465454, 82.3364639, 735.675964, 0.99327755, 5.02747817e-08, 0.115756951, -4.9932499e-08, 1, -5.85667159e-09, -0.115756951, 3.72665163e-11, 0.99327755)}):Play()
wait(10)
local TweenService = game:GetService("TweenService")
local Tw = TweenService:Create(game.Players.LocalPlayer.Character.HumanoidRootPart, TweenInfo.new(2, Enum.EasingStyle.Linear, Enum.EasingDirection.Out,0,false,0), 
{CFrame = CFrame.new(456.518921, 82.3364639, 764.843811, 0.123570688, -9.08415601e-08, 0.992335796, -5.70626746e-09, 1, 9.22537424e-08, -0.992335796, -1.70623906e-08, 0.123570688)}):Play()
wait(10)
local TweenService = game:GetService("TweenService")
local Tw = TweenService:Create(game.Players.LocalPlayer.Character.HumanoidRootPart, TweenInfo.new(2, Enum.EasingStyle.Linear, Enum.EasingDirection.Out,0,false,0), 
{CFrame = CFrame.new(587.736145, 108.597672, 866.943359, -0.999291778, -2.69973333e-09, -0.0376297235, -2.38150233e-09, 1, -8.50172643e-09, 0.0376297235, -8.40608916e-09, -0.999291778)}):Play()
wait(5)
local TweenService = game:GetService("TweenService")
local Tw = TweenService:Create(game.Players.LocalPlayer.Character.HumanoidRootPart, TweenInfo.new(2, Enum.EasingStyle.Linear, Enum.EasingDirection.Out,0,false,0), 
{CFrame = CFrame.new(478.193604, 87.336586, 807.328491, -0.934133053, -5.84451776e-09, 0.356924981, -1.37044367e-08, 1, -1.94921892e-08, -0.356924981, -2.3099755e-08, -0.934133053)}):Play()
wait(10)
local TweenService = game:GetService("TweenService")
local Tw = TweenService:Create(game.Players.LocalPlayer.Character.HumanoidRootPart, TweenInfo.new(2, Enum.EasingStyle.Linear, Enum.EasingDirection.Out,0,false,0), 
{CFrame = CFrame.new(498.976868, 82.3364639, 802.67865, -0.995695353, 1.28925102e-08, 0.0926862508, 8.03583422e-09, 1, -5.27723074e-08, -0.0926862508, -5.18003311e-08, -0.995695353)}):Play()
wait(5)
local TweenService = game:GetService("TweenService")
local Tw = TweenService:Create(game.Players.LocalPlayer.Character.HumanoidRootPart, TweenInfo.new(2, Enum.EasingStyle.Linear, Enum.EasingDirection.Out,0,false,0), 
{CFrame = CFrame.new(473.604919, 82.3364792, 780.691406, 0.999357522, 7.4095972e-08, 0.035840679, -7.6484973e-08, 1, 6.52849863e-08, -0.035840679, -6.79843097e-08, 0.999357522
)}):Play()
wait(5)
local TweenService = game:GetService("TweenService")
local Tw = TweenService:Create(game.Players.LocalPlayer.Character.HumanoidRootPart, TweenInfo.new(2, Enum.EasingStyle.Linear, Enum.EasingDirection.Out,0,false,0), 
{CFrame = CFrame.new(587.736145, 108.597672, 866.943359, -0.999291778, -2.69973333e-09, -0.0376297235, -2.38150233e-09, 1, -8.50172643e-09, 0.0376297235, -8.40608916e-09, -0.999291778)}):Play()
wait(5)
end)
then do
    "Auto Farm ",function()
end
